RI = 1.484, wavelength = 500 nm
RI	1.484
RH	kext	g
40	14.184141166219778	0.1919288800984105	
50	16.798638388947932	0.21135230209164355	
60	20.56910805219112	0.23593636051630745	
70	26.5214743060313	0.2683847002701162	
80	37.47151346414773	0.3140594997193772	
90	65.43216361020833	0.38744752956005124	
96	128.18663436982703	0.47775312344562265	
RI	1.51
RH	kext	g
40	14.442698800300409	0.19272208050656617	
50	17.05275029921885	0.21202229424670724	
60	20.816523617242193	0.23647350362706693	
70	26.758144784713263	0.2687775981893196	
80	37.68891064931214	0.31429559066146634	
90	65.6081772009584	0.3875329399583968	
96	128.30393746123482	0.47779060741178253	
RI	1.53
RH	kext	g
40	14.64457209707633	0.19333269553856403	
50	17.250533581459493	0.2125368712132392	
60	21.00849308545194	0.2368851908774711	
70	26.941206199995793	0.26907821116167346	
80	37.856549013207086	0.31447593474599156	
90	65.74354393704162	0.38759820312380616	
96	128.39407541734346	0.4778193723342187	
