  50  1.6300000E+00
  4.8176E+01  1.0000E+00  1.0221E+03  5.9447E+01  1.0220E+03  0.0000E+00  0.0000E+00
  4.7176E+01  1.1581E+00  1.0220E+03  5.9446E+01  1.0220E+03  1.5859E-02  8.4660E-01
  4.6177E+01  1.3411E+00  1.0220E+03  5.9445E+01  1.0220E+03  1.8618E-02  8.5819E-01
  4.5177E+01  1.5397E+00  1.0220E+03  5.9445E+01  1.0220E+03  2.2492E-02  9.5517E-01
  4.4178E+01  1.7193E+00  1.0220E+03  5.9445E+01  1.0219E+03  2.6258E-02  1.2322E+00
  4.3180E+01  1.9198E+00  1.0219E+03  5.9444E+01  1.0219E+03  3.0170E-02  1.2679E+00
  4.2182E+01  2.1874E+00  1.0219E+03  5.9444E+01  1.0219E+03  3.5954E-02  1.1318E+00
  4.1184E+01  2.5187E+00  1.0219E+03  5.9445E+01  1.0218E+03  4.5672E-02  1.1608E+00
  4.0187E+01  2.8418E+00  1.0218E+03  5.9446E+01  1.0217E+03  5.6657E-02  1.4761E+00
  3.9190E+01  3.2595E+00  1.0217E+03  5.9449E+01  1.0217E+03  7.0166E-02  1.4131E+00
  3.8193E+01  3.7891E+00  1.0216E+03  5.9452E+01  1.0216E+03  9.0260E-02  1.4332E+00
  3.7197E+01  4.3266E+00  1.0215E+03  5.9458E+01  1.0214E+03  1.1453E-01  1.7912E+00
  3.6202E+01  4.8906E+00  1.0214E+03  5.9466E+01  1.0213E+03  1.3960E-01  2.0793E+00
  3.5207E+01  5.6581E+00  1.0213E+03  5.9477E+01  1.0211E+03  1.7052E-01  1.8659E+00
  3.4212E+01  6.5037E+00  1.0211E+03  5.9491E+01  1.0209E+03  2.0930E-01  2.0777E+00
  3.3218E+01  7.4967E+00  1.0208E+03  5.9508E+01  1.0206E+03  2.5249E-01  2.1332E+00
  3.2224E+01  8.7194E+00  1.0205E+03  5.9530E+01  1.0203E+03  3.0157E-01  2.0682E+00
  3.1231E+01  9.9755E+00  1.0202E+03  5.9555E+01  1.0200E+03  3.5508E-01  2.3691E+00
  3.0239E+01  1.1791E+01  1.0198E+03  5.9584E+01  1.0196E+03  4.0369E-01  1.8629E+00
  2.9247E+01  1.3943E+01  1.0194E+03  5.9613E+01  1.0191E+03  4.4977E-01  1.7492E+00
  2.8255E+01  1.6131E+01  1.0190E+03  5.9643E+01  1.0186E+03  4.9808E-01  1.9053E+00
  2.7264E+01  1.8347E+01  1.0185E+03  5.9673E+01  1.0180E+03  5.4691E-01  2.0636E+00
  2.6274E+01  2.1112E+01  1.0179E+03  5.9703E+01  1.0174E+03  5.9275E-01  1.7914E+00
  2.5285E+01  2.4878E+01  1.0173E+03  5.9728E+01  1.0167E+03  6.2562E-01  1.3871E+00
  2.4296E+01  2.8670E+01  1.0167E+03  5.9745E+01  1.0160E+03  6.4843E-01  1.4271E+00
  2.3307E+01  3.3706E+01  1.0160E+03  5.9748E+01  1.0152E+03  6.5562E-01  1.0860E+00
  2.2320E+01  4.0009E+01  1.0154E+03  5.9731E+01  1.0144E+03  6.4367E-01  8.5107E-01
  2.1333E+01  4.6149E+01  1.0147E+03  5.9689E+01  1.0136E+03  6.2327E-01  8.4534E-01
  2.0347E+01  5.3986E+01  1.0141E+03  5.9619E+01  1.0128E+03  5.8934E-01  6.2571E-01
  1.9362E+01  6.3815E+01  1.0134E+03  5.9508E+01  1.0119E+03  5.3514E-01  4.5268E-01
  1.8378E+01  7.5324E+01  1.0128E+03  5.9350E+01  1.0110E+03  4.8533E-01  3.5032E-01
  1.7394E+01  8.9646E+01  1.0121E+03  5.9143E+01  1.0100E+03  4.7346E-01  2.7437E-01
  1.6412E+01  1.0570E+02  1.0114E+03  5.8886E+01  1.0088E+03  5.1016E-01  2.6346E-01
  1.5430E+01  1.2486E+02  1.0104E+03  5.8579E+01  1.0074E+03  6.3265E-01  2.7354E-01
  1.4450E+01  1.4717E+02  1.0092E+03  5.8223E+01  1.0056E+03  9.3192E-01  3.4557E-01
  1.3470E+01  1.7245E+02  1.0073E+03  5.7817E+01  1.0031E+03  1.5342E+00  5.0168E-01
  1.2492E+01  2.0089E+02  1.0044E+03  5.7359E+01  9.9953E+02  2.5059E+00  7.2730E-01
  1.1515E+01  2.3271E+02  1.0000E+03  5.6849E+01  9.9446E+02  3.9180E+00  1.0150E+00
  1.0540E+01  2.6815E+02  9.9390E+02  5.6282E+01  9.8754E+02  5.6904E+00  1.3218E+00
  9.5660E+00  3.0745E+02  9.8584E+02  5.5655E+01  9.7859E+02  7.6313E+00  1.5959E+00
  8.5938E+00  3.5118E+02  9.7552E+02  5.4964E+01  9.6731E+02  9.9059E+00  1.8585E+00
  7.6234E+00  3.9960E+02  9.6225E+02  5.4207E+01  9.5299E+02  1.2895E+01  2.1807E+00
  6.6552E+00  4.5322E+02  9.4625E+02  5.3383E+01  9.3586E+02  1.5674E+01  2.3886E+00
  5.6893E+00  5.1245E+02  9.2831E+02  5.2490E+01  9.1671E+02  1.7648E+01  2.4290E+00
  4.7262E+00  5.7782E+02  9.0916E+02  5.1532E+01  8.9625E+02  1.8886E+01  2.3481E+00
  3.7665E+00  6.5038E+02  8.8932E+02  5.0520E+01  8.7502E+02  1.9621E+01  2.1901E+00
  2.8110E+00  7.2858E+02  8.6856E+02  4.9480E+01  8.5280E+02  2.0638E+01  2.1282E+00
  1.8610E+00  8.1564E+02  8.4641E+02  4.8479E+01  8.2913E+02  2.2255E+01  2.0494E+00
  9.1948E-01  9.0939E+02  8.2217E+02  4.7691E+01  8.0332E+02  2.4912E+01  2.1113E+00
  0.0000E+00  1.0000E+03  7.9577E+02  4.7746E+01  7.7536E+02  2.8777E+01  2.4644E+00
